0.00013386
0.00040155
0.00066909
0.0009366
0.0012037
0.0014705
0.0017369
0.0020029
0.0022679
0.002534
0.002797
0.003061
0.003323
0.003585
0.003846
0.004105
0.004364
0.004622
0.004877
0.005133
0.005386
0.005638
0.005889
0.006137
0.006386
0.00663
0.006875
0.007119
0.00735
0.0076
0.00783
0.00806
0.0083
0.00853
0.00875
0.00898
0.0092
0.00942
0.00964
0.00986
0.01006
0.01028
0.01048
0.01069
0.01089
0.01109
0.01128
0.01147
0.01167
0.01185
0.01203
0.01221
0.01239
0.01257
0.01273
0.0129
0.01306
0.01322
0.01338
0.01353
0.01368
0.01382
0.01397
0.0141
0.01424
0.01436
0.0145
0.01461
0.01473
0.01485
0.01496
0.01507
0.01516
0.01527
0.01536
0.01545
0.01554
0.01562
0.01569
0.01577
0.01584
0.0159
0.01597
0.01602
0.01607
0.01612
0.01617
0.0162
0.01624
0.01627
0.0163
0.01632
0.01633
0.01635
0.01636
0.01636
0.01636
